Categories
['american']
['american']
['sandwich']
['roadside']
['barbecue']
['banquet rooms']
['pizza']
['fast food']
['pizza']
['ice cream parlor']
['american']
['indian']
['italian']
['pizza']
['chicken']
['ice cream parlor']
['american']
['steak house']
['pizza']
['pizza']
['mexican']
['fast food']
['pizza']
['mexican']
['pizza']
['american']
['grill']
['pizza']
['american']
['pizza']
['american']
['take away']
['fast food']
['roadside']
['banquet rooms']
['barbecue']
['pizza']
['american']
['fast food']
['barbecue']
['italian']
['american']
['american']
['pizza']
['american']
['american']
['chinese']
['pizza']
['bistro']
['barbecue']
['ice cream parlor']
['sandwich']
['pizza']
['fast food']
['ice cream parlor']
['sandwich']
['austrian']
['seafood']
['roadside']
['chinese']
['fast food']
['fast food']
['japanese']
['american']
['irish']
['pizza']
['pizza']
['american']
['american']
