Categories
['american']
['sandwich']
['banquet rooms']
['grill']
['grill']
['barbecue']
['pizza']
['ice cream parlor']
['ice cream parlor']
['seafood']
['sandwich']
['sandwich']
['pizza']
['fast food']
['grill']
['pizza']
['thai']
['chinese']
['buffet']
['pizza']
['pizza']
['pizza']
['fast food']
['yogurt/juice bar']
['fast food']
['american']
['american']
['sushi']
['dutch']
['american']
['sandwich']
['sandwich']
['american']
['fast food']
['american']
['american']
['american']
['fast food']
['pizza']
['american']
['banquet rooms']
