Name
SUBWAY Tilton Belknap
Schuster's Tavern
South End Pizza & Seafood
Annie's Cafe & Catering
J P China
Tilton House Of Pizza
Osteria Poggio
V's Sandwich
Taco Bell
Dairy Queen
Tilt'n Diner
Winnipesaukee Bay Gulls Two
Sals Pizza
Rio Burrito
Rocky Mountain Chocolate Factory
Pub & Eatery Kays
Winni Grille
Tavern 27
Traveling Texas Smoke Shop
Louie Nasis Famous Pizza
Shang Hai
Patriot Pizza
J.J. Goodwins Eatery & Sports Bar
Rock Salt Creamery
Pizza Express
Hector's Fine Food & Spirits
Sue's Cafe
C Brothers
Downtown Deli
Anna's Italian Bakery & Deli
Shiloh's Restaurant
J&J's Yolk & Co.
Burrito Me
Shibley's at The Pier
Applebee's
White Buffalo Trading Post
Smitty's Cinema
The Lone Star BBQ Company
Green Ginger
Ellacoya Country Store & Deli
The Broken Yolk
Casamigos
Upper Crust Pizzeria Tilton
SUBWAY
Wayfarer Coffee Roasters
Lobster Connection
Margaret's Kitchen
Wendy's
Belmont Firearms & Range
Alton Village Pizza
Laconia Village Bakery
Five Guys
Pop's Clam Shell
El Jimador Mexican Restaurant 3
Ackerlys Grill & Galley Restaurant
104 Cafe
Kfc Tilton
Burger King Tilton
Katie Flo's Diner
Winnisquam Market & Deli
Sal's Pizza
Shooters Tavern
Rod & Gun Club Laconia
Pop's Food Creations
Curts Caterers
Tilton Snacks & Wraps
Laconia Local Eatery
Greenside Restaurant
Goodnatured Juice & Smoothie Bar
SUBWAY
Louie's Famous Pizza
Yuen Sing Chinese Restaurant
Bbq Shak & Smokehouse
SUBWAY Evans Express Mart
Dockside
Canoe Restaurant
Bellies-N-Butts
Olde Bay Diner
Kettlehead Brewing Company
Ellacoya Barn & Grille
Dewey's Ice Cream Parlor & Cafe
Average Joe's Hunting & Fishing
River Run Deli & Takeout
Uno Chicago Grill-Tilton
Ninety Nine Restaurant & Pub
Lee Wah
Sawyers Dairy Bar
Flurries
Wrap City
El Jimador
North Country Deli & Pizza
SUBWAY
The Traveling Texas Smoke Shop
The Mug Restaurant
Vida Mexican Restaurant
Vista Foods
McDonald's
China Garden
Pauli's Restaurant
Dox on Winnisquam
