Categories
['sandwich']
['pizza']
['mexican']
['american']
['chinese']
['grill']
['seafood']
['ice cream parlor']
['barbecue']
['grill']
['grill']
['american']
['american']
['american']
['grill']
['fast food']
['barbecue']
['fast food']
['ice cream parlor']
['american']
['grill']
