Categories
['sandwich']
['pub food']
['american']
['american']
['fast food']
['american']
['ice cream parlor']
['mexican']
['mexican']
['american']
['fast food']
['american']
['barbecue']
['grill']
['chinese']
['pizza']
