Name
SONIC Drive-In
Sonic Driive in
Lost in the 50's Diner
Swensons Drive-In
Rasor's Drive-In
Orr's Drive-In
Barto's Drive In
SONIC Drive-In
Arnie's Tavern
Gary's Hole in One
Kfc Jackson
Jackson's Restaurant
Jackson Express
Larosa's Pizza Jackson
The Tea Caddy of Jackson
Burger King Jackson
Tea Caddy of Jackson
SUBWAY Wellston Jackson
SUBWAY North Jackson Mahoning
SUBWAY Oak Hill Jackson
SUBWAY Jackson Center Shelby
Pioneer Coffee Roasters-Jackson
La Carreta Ll
Lucky Steer Restaurant
Perfect Party Catering
Pizza Hut
Lee's Famous Recipe Chicken
Duffy's Lounge
SUBWAY
J B Pastries
Ohio Roasting Company
Jersey Mike's Subs
MS B's Restaurant & Bakery
Handel's Homemade Ice Cream
Katy's Kitchen
91 Wood Fired Oven
Jane's Family Restaurant
Pizza Hut-Wingstreet
Domino's
Angello's 2 Go
3 Brothers Corner Tavern
Taco Bell
Schmidt Family Restaurants
Miso Express
Gillespie's Pizza
Papa John's
Mata Mediterranean Grill
Long John Silver's
McDonald's
Corner Cafe
Wendy's
Donato's Pizza
Taco Bell
Gus's Bar
SUBWAY Bell Store Shell C-Store
Shellis Shack
Arby's
Joses Landing
Gameday Grille
Crazy Fiesta
East of Chicago Pizza
Mr. Cheng's Asia Bistro
Muggswigz Coffee & Tea
Bam Healthy Cuisine
The Real Deal
Los Amigas Mexican Restaurant
Dairy Queen
SUBWAY Evans Center
Corner Pub
Butler's Family Restaurant
Buehler's Restaurant
Bombay Sitar
China Garden
Slim Chickens
Kraus Pizza
B Loco
Bluebird
Meijer Deli
Chateau Tebeau
Corky's Cafe
McDonald's
Gionino's Pizzeria
El Rincon
Galaxy Pizza
Royal Docks Brewing Co.
Arch & Eddie's
Bierly's Dairy Haus
Pizza Hut
Stockroom 601
Little Caesars
Cambridge Country Club
That Little Italian Kitchen
The Winking Lizard
Toro Loco
Leo's Lake Cable Carry Out
Chubby's Treats
Tokyo Japanese Steakhouse
Cardo's Pizza
Siegfried
Dutch Pantry Restaurants
