Name
SONIC Drive-In
Grill in Delco
Lucy in the Rye
Jackson's Kitchen
SDI Jackson Boulevard
SUBWAY Sylva Jackson
Sandlin's LP Gas
Waffle House
Zaxby's
Dairy Queen
Hardee's
SUBWAY Wal-Mart #1237
Wendy's
Blessed Restaurant
Kami Japan
Embassy Cafe
New China Chinese Restaurant
Grits Home Cookin
Bay Sire Bistro
Vilma's Authentic Mexican Food
Dairy Queen Grill & Chill
FrostyBites Frozen Yogurt
Speedy Pizza
Hardee's
Buck's Coffee Cafe
Salamis Greek & Italian Restaurant
Wendy's
Jade Dragon
The Orchard Restaurant & Events Barn
Shiloh's Corporate Office
El Manzanillo Mexican Restaurant
BURGER KING
Taco Bell
Pizza Hut
Everything Bagel
The Local
El Manzanillo Mexican Restaurant
Zaxby's
K & M Seafood Market & Grill
Little Caesars
Whiteside Brewing Company
Soul Infusion Tea House & Bistro
Domino's
Bojangles
Happ's Place Barn & Grill
Bogart's Restaurant
SUBWAY
BP
Cook Out
Douglas E McDonald Dds
Hunt Brothers Pizza
Robertas Country Kitchen
Heather Rae's Comfort Cookin'
Well House
553 West Main
White Moon
Cotton Leigh Bakery
Ilda
Pixies Emporium & Bistro
Lazy Hiker Sylva
Balsam Falls
B & AL's Grill
Company Sapphire Mountain Brewing
Speedy's Pizza
Lulu's on Main
Malts & More
Dalaya Thai Cuisine
Mad Batter Kitchen
Pie Times Pizza Company
Baxley's Chocolates
Innovation Brewing
Lazy Hiking Brewing
Haywood Smokehouse
The Coffee Shop
Ironstone Grill
Guadalupe Cafe
Cosmic Carryout
Creekside Oyster House & Grill
Kostas Family Restaurant
Melissa's Back Street Take Out
El Patrón Mexican Restaurant
Jacksons
Jackson's Cafeteria
Four Jacksons Investments
Jackson Park Ministries
Jackson's Big Oak BBQ
Jackson's Cafeteria Home Office
SUBWAY Cashiers Jackson
Emmet's Social Table
Fox's Pizza Den
Maxwells Tavern
Provisions
Queens South Bar & Grill
Capricci's True Italian Kitchen
El Vallarta Mexican Restaurant
Grecko Fresh Grill
Jojo's Backyard BBQ
Crossroads Coffee House
Sonnys Sports Place
JB's Lazy Pig BBQ
