Name
SONIC Drive-In
SONIC Drive-In
In Between Days
Pie in The Sky
Whizz in Market & Deli
Hole In One Donuts
Joey's in Palm Harbor
Fired Up Paint Your Own Pattery Studio in
Pinellas Grill
Kfc Pinellas Park
Burger King Pinellas Park
SUBWAY Oldsmar Pinellas
SUBWAY St Petersburg Pinellas
SUBWAY Clearwater Pinellas
SUBWAY Pinellas Park Pinellas
SUBWAY Pinellas Park Pinellas
SUBWAY St Petersburg Pinellas
SUBWAY Pinellas Park Pinellas
SUBWAY Shopping Center at Pinellas
SUBWAY St Petersburg Beach Pinellas
Florida Restaurant Equipment
Florida Restaurant Equipment
Little Caesars
Popeyes
Lagloria Restaurant
Carmelita's Mexican Restaurant
The Fish Bol
T'Asia Sushi Bar & Thai Cuisine
Hungry Howie's Pizza
Aj Food Bar
Marco's Pizza
Keva Juice
Southern Style Buffet
Bangkok Siam Thai Restaurant
Sap Sap Lao Cafe
European Bakery & Grocery
Royal Vapor Cafe
Seminole Subs & Gyros 2
Thien NA Deli
Jessis Family Restaurant
Blu Wave Sushi
Korean BBQ
Monster Sub
Sushi Lover Camboke
Wingstop
La Teresita Restaurant
China Garden
Ding Tea
Pizza Hut
Culver's
Al & Katrinas Bbq
Steak & Shake
Fray's Donut House
McDonald's
Kao Thai Kitchen
Benedict's Family Restaurant
Caribbean Cravings
Taste of Saigon
Cajun Cafe
GJ's Cafe
McDonald's
Q Pot
Godfather's Pizza
Anerican German Club
Cafe on the Bayou Cajun
Lizard Juice
Pho Quyen
Alina Cafe
Pierogis & More
Cafe Bich Nga
Your Mothers Back Yard
Sonny's Bbq
Sonny's Real Pit BBQ
Jollibee
Pizza Hut Express
66th Street Used & New Restaurant Equipment
Firehouse Subs
Moe's Southwest Grill
Mexico Lindo Supermarket
Taquería Emanuel
Gateway To India
Ronnie Pastrami's Deli & Catering
Noname Saloon
Cuban Mexican Restaurant
Lotus Vegan Restaurant
Wendy's
Quiznos
Taco Bell
IHOP
Ocha Lounge
Meljo's Diner
El Guerrero Mexican Grill
The Bbq Spot
Island Escape Grill
Hao Wah Chinese Restaurant
Campanella's Bar & Grill
Ozzie's Seafood Market
PDQ
A'Amore Pizza Pub & Grill
Advantage Seafood
